[gd_scene load_steps=14 format=3 uid="uid://cy2v2xkwsyqp4"]

[ext_resource type="PackedScene" uid="uid://p4lgjdfw8o7y" path="res://scenes/interior/interior.glb" id="1_hytfg"]
[ext_resource type="PackedScene" uid="uid://c7557e6pmwk05" path="res://scenes/interior/display.tscn" id="2_64l87"]
[ext_resource type="Script" uid="uid://clcy6betwv4h8" path="res://scenes/interior/console_camera.gd" id="2_kc64s"]
[ext_resource type="PackedScene" uid="uid://bfs5avexcwj15" path="res://scenes/interior/small_display.tscn" id="2_uso82"]
[ext_resource type="Texture2D" uid="uid://m2ovd8u8s7kd" path="res://scenes/attitude/center.png" id="3_47ag3"]
[ext_resource type="PackedScene" uid="uid://boi1ptoe3f73w" path="res://ui/pause/pause_menu.tscn" id="4_c8a2x"]
[ext_resource type="PackedScene" uid="uid://dyuel0delkcqp" path="res://ship/frigate/wireframe/FrigateWireframe.tscn" id="5_bavqc"]
[ext_resource type="AudioStream" uid="uid://b6etobfpn1eqc" path="res://audio/rumble.ogg" id="9_j2chi"]
[ext_resource type="Script" uid="uid://crjpvll8nr1l0" path="res://ship/entity/ship_audio.gd" id="10_2qs4y"]
[ext_resource type="AudioStream" uid="uid://bhyw1q27gt2np" path="res://audio/caution.ogg" id="11_7njs8"]
[ext_resource type="PackedScene" uid="uid://bkvmuhyyvkeei" path="res://scenes/interior/NavTableScene.tscn" id="12_mjiuk"]
[ext_resource type="AudioStream" uid="uid://bj5h1vhmxsi4x" path="res://audio/warning.ogg" id="13_oh51y"]

[sub_resource type="Environment" id="Environment_s6rcy"]
background_mode = 1
ambient_light_source = 2
ambient_light_color = Color(1, 1, 1, 1)
ambient_light_energy = 0.05
tonemap_mode = 3
ssao_enabled = true
sdfgi_read_sky_light = false
sdfgi_energy = 30.0
glow_enabled = true
glow_blend_mode = 1
fog_light_color = Color(1, 1, 1, 1)

[node name="interior" instance=ExtResource("1_hytfg")]

[node name="Node3D4" type="Node3D" parent="." index="0"]
transform = Transform3D(0.001, 0, 0, 0, 0.001, 0, 0, 0, 0.001, 0, 0, 0)

[node name="Ship" parent="." index="1" instance=ExtResource("5_bavqc")]
transform = Transform3D(9.184850993605146e-19, 0, 0.01499999999999999, 0, 0.01499999999999999, 0, -0.01499999999999999, 0, 9.184850993605146e-19, 0, 0.5478845569204716, 0)
visible = false

[node name="Node3D3" type="Node3D" parent="." index="2"]
transform = Transform3D(0.001, 0, 0, 0, 0.001, 0, 0, 0, 0.001, 0, 0, 0)

[node name="Node3D2" type="Node3D" parent="." index="3"]
transform = Transform3D(0.001, 0, 0, 0, 0.001, 0, 0, 0, 0.001, 0, 0, 0)

[node name="Node3D" type="Node3D" parent="." index="4"]
transform = Transform3D(0.001, 0, 0, 0, 0.001, 0, 0, 0, 0.001, 0, 0.32584426282347034, 0)

[node name="Player" type="Node3D" parent="." index="5"]
transform = Transform3D(1, 0, 0, 0, 1, 0, 0, 0, 1, -0.7320000000036089, -1.1070000000036089, -2.19100000000617)
script = ExtResource("2_kc64s")
focus_offset = Vector3(0, 0.4, 0)

[node name="Camera3D" type="Camera3D" parent="Player" index="0"]
current = true
fov = 60.0
near = 0.00999999999999999
far = 100.0

[node name="Crosshair" type="TextureRect" parent="Player/Camera3D" index="0"]
anchors_preset = 8
anchor_left = 0.5
anchor_top = 0.5
anchor_right = 0.5
anchor_bottom = 0.5
offset_left = -30.0
offset_top = -30.0
offset_right = 30.0
offset_bottom = 30.0
grow_horizontal = 2
grow_vertical = 2
texture = ExtResource("3_47ag3")
expand_mode = 2

[node name="PauseMenu" parent="Player/Camera3D" index="1" instance=ExtResource("4_c8a2x")]
visible = false
anchor_top = 0.39
anchor_bottom = 0.61

[node name="RayCast3D" type="RayCast3D" parent="Player" index="1"]
target_position = Vector3(0, 0, -1)
collide_with_areas = true

[node name="AudioRumble" type="AudioStreamPlayer" parent="." index="6"]
stream = ExtResource("9_j2chi")
volume_db = -80.0
autoplay = true
parameters/looping = true
script = ExtResource("10_2qs4y")

[node name="AudioCaution" type="AudioStreamPlayer" parent="." index="7"]
stream = ExtResource("11_7njs8")
parameters/looping = true

[node name="AudioWarning" type="AudioStreamPlayer" parent="." index="8"]
stream = ExtResource("13_oh51y")
parameters/looping = true

[node name="FloorLamp1" type="SpotLight3D" parent="." index="9"]
transform = Transform3D(5.807282218687412e-17, -0.3170729277528479, -0.948401159049396, 1.9415117303440272e-17, 0.948401159049396, -0.3170729277528479, 1, -8.156787509782406e-33, 6.123233995736767e-17, -1.439375886269413, -2.2769230721279943, -1.2898110757639027)
light_energy = 2.651
light_indirect_energy = 16.0
shadow_enabled = true
spot_range = 3.049
spot_angle = 74.7
spot_angle_attenuation = 3.2490065

[node name="FloorLamp2" type="SpotLight3D" parent="." index="10"]
transform = Transform3D(6.123233995736766e-17, -0.03838780908751974, 0.9992629164106214, 0, 0.9992629164106211, 0.03838780908751975, -1, -2.3505753762655366e-18, 6.118720660444583e-17, 1.4389999999984866, -2.277000000001862, -1.2899999999935972)
light_energy = 8.259
light_indirect_energy = 16.0
shadow_enabled = true
spot_range = 3.049
spot_angle = 59.85
spot_angle_attenuation = 3.2490065

[node name="FloorLamp3" type="SpotLight3D" parent="." index="11"]
transform = Transform3D(6.118915434586936e-17, 0.03755065517116846, -0.999294725442007, -2.2993144830628648e-18, 0.999294725442007, 0.03755065517116846, 1, 6.162975822039155e-33, 6.123233995736766e-17, -1.439375886269413, -2.2769230721279943, 1.2899999999935972)
light_energy = 8.259
light_indirect_energy = 16.0
shadow_enabled = true
spot_range = 3.049
spot_angle = 59.85
spot_angle_attenuation = 3.2490065

[node name="FloorLamp4" type="SpotLight3D" parent="." index="12"]
transform = Transform3D(6.123233995736766e-17, -0.03838780908751974, 0.9992629164106214, 0, 0.9992629164106211, 0.03838780908751975, -1, -2.3505753762655366e-18, 6.118720660444583e-17, 1.4389999999984866, -2.277000000001862, 1.2899999999935972)
light_energy = 8.259
light_indirect_energy = 16.0
shadow_enabled = true
spot_range = 3.049
spot_angle = 59.85
spot_angle_attenuation = 3.2490065

[node name="Lamp1" type="SpotLight3D" parent="." index="13"]
transform = Transform3D(1, 0, 0, 0, -0.02172763925606219, 0.999763926980944, 0, -0.999763926980944, -0.02172763925606219, -0.721840481107835, -0.25057798194950104, -2.353123022862769)
light_color = Color(1, 0.8509804, 0.6039216, 1)
light_energy = 4.299
shadow_enabled = true
spot_angle = 30.0
spot_angle_attenuation = 4.594793

[node name="WorldEnvironment" type="WorldEnvironment" parent="." index="14"]
environment = SubResource("Environment_s6rcy")

[node name="small_display" parent="Interior/Console/Display1A/Small1" index="0" instance=ExtResource("2_uso82")]

[node name="small_display" parent="Interior/Console/Display1A/Small2" index="0" instance=ExtResource("2_uso82")]

[node name="small_display" parent="Interior/Console/Display1A/Small3" index="0" instance=ExtResource("2_uso82")]

[node name="small_display" parent="Interior/Console/Display1A/Small4" index="0" instance=ExtResource("2_uso82")]

[node name="display" parent="Interior/Console/Display1A" index="4" instance=ExtResource("2_64l87")]

[node name="display" parent="Interior/Console/Display1B" index="0" instance=ExtResource("2_64l87")]

[node name="small_display" parent="Interior/Console/Display1B/Small1_001" index="0" instance=ExtResource("2_uso82")]

[node name="small_display" parent="Interior/Console/Display1B/Small2_001" index="0" instance=ExtResource("2_uso82")]

[node name="small_display" parent="Interior/Console/Display1B/Small3_001" index="0" instance=ExtResource("2_uso82")]

[node name="small_display" parent="Interior/Console/Display1B/Small4_001" index="0" instance=ExtResource("2_uso82")]

[node name="small_display" parent="Interior/Console/Display2A/Small1_002" index="0" instance=ExtResource("2_uso82")]

[node name="small_display" parent="Interior/Console/Display2A/Small2_002" index="0" instance=ExtResource("2_uso82")]

[node name="small_display" parent="Interior/Console/Display2A/Small3_002" index="0" instance=ExtResource("2_uso82")]

[node name="small_display" parent="Interior/Console/Display2A/Small4_002" index="0" instance=ExtResource("2_uso82")]

[node name="display" parent="Interior/Console/Display2A" index="4" instance=ExtResource("2_64l87")]

[node name="small_display" parent="Interior/Console/Display2B/Small1_003" index="0" instance=ExtResource("2_uso82")]

[node name="small_display" parent="Interior/Console/Display2B/Small2_003" index="0" instance=ExtResource("2_uso82")]

[node name="small_display" parent="Interior/Console/Display2B/Small3_003" index="0" instance=ExtResource("2_uso82")]

[node name="small_display" parent="Interior/Console/Display2B/Small4_003" index="0" instance=ExtResource("2_uso82")]

[node name="display" parent="Interior/Console/Display2B" index="4" instance=ExtResource("2_64l87")]

[node name="Node3D" type="Node3D" parent="Interior/NavTable" index="0"]
transform = Transform3D(0.001, 0, 0, 0, 0.001, 0, 0, 0, 0.001, 0, 0, 0)

[node name="Node3D2" type="Node3D" parent="Interior/NavTable/Node3D" index="0"]
transform = Transform3D(0.001, 0, 0, 0, 0.001, 0, 0, 0, 0.001, 0, 0, 0)

[node name="OrbitRoot" parent="Interior/NavTable/Node3D/Node3D2" index="0" instance=ExtResource("12_mjiuk")]
transform = Transform3D(0.24435673947168451, 1.5986056016366475e-18, 0.05281840469729558, -0.05281840469729558, 1.4962236316212043e-17, 0.24435673947168451, -1.5986056016366475e-18, -0.25, 1.4962236316212043e-17, 0, 614538.5208191955, 0)

[node name="OmniLight3D" type="OmniLight3D" parent="." index="16"]
transform = Transform3D(1, 0, 0, 0, 1, 0, 0, 0, 1, 0, -1.234711098869364, 0)
light_energy = 0.1
