[gd_scene load_steps=12 format=3 uid="uid://bfwsgcbvelo0t"]

[ext_resource type="PackedScene" uid="uid://c723tonvicthq" path="res://ship/frigate/real/frigate.glb" id="1_p2xcd"]
[ext_resource type="Texture2D" uid="uid://drvl7m6jpple6" path="res://ship/frigate/external_material/MakedBrick_albedo.png" id="2_c712i"]
[ext_resource type="Material" uid="uid://ddobmiq0l53c" path="res://ship/frigate/external_material/MakedBrick.tres" id="2_gb527"]
[ext_resource type="Texture2D" uid="uid://byk3n8kgox5xg" path="res://visuals/logo/conksat.png" id="2_k8wt2"]
[ext_resource type="Texture2D" uid="uid://dfp5lpn48nk0d" path="res://ship/frigate/external_material/MakedBrick_normal.png" id="3_r1umb"]
[ext_resource type="Texture2D" uid="uid://bwvdv60c7w7lx" path="res://ship/frigate/external_material/MakedBrick_orm.png" id="4_y1dru"]
[ext_resource type="Script" uid="uid://2ab66vvabe3x" path="res://ship/frigate/real/turret.gd" id="5_rnp7b"]
[ext_resource type="FontFile" uid="uid://snyn22t7m35t" path="res://ui/fonts/Oxanium-Bold.ttf" id="7_67fpr"]

[sub_resource type="StandardMaterial3D" id="StandardMaterial3D_ylmgo"]
albedo_color = Color(0.18, 0.18, 0.18, 1)
albedo_texture = ExtResource("2_c712i")
roughness_texture = ExtResource("4_y1dru")
roughness_texture_channel = 1
normal_enabled = true
normal_scale = 0.75
normal_texture = ExtResource("3_r1umb")
uv1_scale = Vector3(5, 5, 5)

[sub_resource type="CylinderMesh" id="CylinderMesh_jrpwi"]
top_radius = 2.0
bottom_radius = 0.25
height = 3000.0
radial_segments = 8
rings = 2

[sub_resource type="StandardMaterial3D" id="StandardMaterial3D_2i45u"]
shading_mode = 0
albedo_color = Color(1.8537917, 0, 0, 1)

[node name="frigate" instance=ExtResource("1_p2xcd")]

[node name="Pods" parent="." index="1"]
surface_material_override/0 = SubResource("StandardMaterial3D_ylmgo")

[node name="Turret2" parent="." index="4" node_paths=PackedStringArray("mount", "beam")]
script = ExtResource("5_rnp7b")
mount = NodePath("Laser2")
beam = NodePath("Laser2/Beam")
target = Vector3(100, -8.57, -38.475)

[node name="Laser2" parent="Turret2" index="0"]
transform = Transform3D(0.9561015084079547, 0.07672687888771008, 0.28281246732797377, -0.07999255720098761, 0.9967954608606582, 4.576525164308791e-19, -0.2819061837073324, -0.02262289246988608, 0.9591752229513727, 0, 0, -1.2832636833190918)

[node name="Beam" type="MeshInstance3D" parent="Turret2/Laser2" index="0"]
transform = Transform3D(6.123233995736766e-17, 1, 0, -1, 6.123233995736766e-17, 0, 0, 0, 1, 1500, 0, -1.3169999999954598)
mesh = SubResource("CylinderMesh_jrpwi")
surface_material_override/0 = SubResource("StandardMaterial3D_2i45u")

[node name="FinalHull" parent="." index="7"]
surface_material_override/5 = ExtResource("2_gb527")

[node name="ConkLogo" type="Sprite3D" parent="." index="12"]
transform = Transform3D(5.89646e-17, -0.269626, -0.962965, 1.65098e-17, 0.962965, -0.269626, 1, 0, 6.12323e-17, -10.2921, 6.24429, 0)
layers = 2
pixel_size = 0.003
axis = 1
shaded = true
texture = ExtResource("2_k8wt2")

[node name="Label3D" type="Label3D" parent="." index="13"]
transform = Transform3D(-1, 0, 1.22465e-16, 9.26646e-17, 0.653804, 0.756664, -8.00679e-17, 0.756664, -0.653804, 21.9794, 4.60836, -3.37579)
pixel_size = 0.03
shaded = true
text = "FV Juniper"
font = ExtResource("7_67fpr")
outline_size = 0

[node name="Label3D2" type="Label3D" parent="." index="14"]
transform = Transform3D(1, 9.26646e-17, -2.02533e-16, 9.26646e-17, 0.653804, 0.756664, 2.02533e-16, -0.756664, 0.653804, 21.979, 4.608, 3.376)
pixel_size = 0.03
shaded = true
text = "FV Juniper"
font = ExtResource("7_67fpr")
outline_size = 0

[node name="Label3D3" type="Label3D" parent="." index="15"]
transform = Transform3D(-6.12323e-17, 1, 7.4988e-33, 1, 6.12323e-17, -1.22465e-16, -1.22465e-16, 0, -1, 12.654, 0, -7.19663)
pixel_size = 0.02
shaded = true
text = "117"
font = ExtResource("7_67fpr")
font_size = 96
outline_size = 0

[node name="Label3D4" type="Label3D" parent="." index="16"]
transform = Transform3D(6.12323e-17, 1, 1.22465e-16, -1, 6.12323e-17, 1.22465e-16, 1.22465e-16, -1.22465e-16, 1, 12.654, 0, 7.197)
pixel_size = 0.02
shaded = true
text = "117"
font = ExtResource("7_67fpr")
font_size = 96
outline_size = 0

[node name="InternalTube" parent="." index="22"]
layers = 2
